%YAML:1.0
cameraMatrix: !!opencv-matrix
   rows: 3
   cols: 3
   dt: d
   data: [ 3.7144437055572467e+02, 0., 2.4940318501271440e+02, 0.,
       3.7146738186958424e+02, 2.0825381567676573e+02, 0., 0., 1. ]
distortionCoefficients: !!opencv-matrix
   rows: 1
   cols: 5
   dt: d
   data: [ 9.2317754589461135e-02, -2.9657137876391648e-01,
       1.1800189375833024e-03, -3.3663656887975742e-03,
       1.1842643094783052e-01 ]
rotation: !!opencv-matrix
   rows: 3
   cols: 3
   dt: d
   data: [ 1., 0., 0., 0., 1., 0., 0., 0., 1. ]
projection: !!opencv-matrix
   rows: 4
   cols: 4
   dt: d
   data: [ 3.7144437055572467e+02, 0., 2.4940318501271440e+02, 0., 0.,
       3.7146738186958424e+02, 2.0825381567676573e+02, 0., 0., 0., 1.,
       0., 0., 0., 0., 1. ]
