%YAML:1.0
depthShift: -1.0465712153286013e+00
