%YAML:1.0
cameraMatrix: !!opencv-matrix
   rows: 3
   cols: 3
   dt: d
   data: [ 1.0682054759742900e+03, 0., 9.6410018828461182e+02, 0.,
       1.0682239822401439e+03, 5.3852215533769015e+02, 0., 0., 1. ]
distortionCoefficients: !!opencv-matrix
   rows: 1
   cols: 5
   dt: d
   data: [ 8.3669651403681558e-02, -1.5191864053867840e-01,
       8.6166674305787979e-05, 2.1534939442970336e-03,
       7.3187240064038969e-02 ]
rotation: !!opencv-matrix
   rows: 3
   cols: 3
   dt: d
   data: [ 1., 0., 0., 0., 1., 0., 0., 0., 1. ]
projection: !!opencv-matrix
   rows: 4
   cols: 4
   dt: d
   data: [ 1.0682054759742900e+03, 0., 9.6410018828461182e+02, 0., 0.,
       1.0682239822401439e+03, 5.3852215533769015e+02, 0., 0., 0., 1.,
       0., 0., 0., 0., 1. ]
