%YAML:1.0
rotation: !!opencv-matrix
   rows: 3
   cols: 3
   dt: d
   data: [ 9.9948166951810813e-01, -9.8022726003482458e-03,
       -3.0664437858271314e-02, 9.7909116867717551e-03,
       9.9995193234378832e-01, -5.2062487998631897e-04,
       3.0668067197610571e-02, 2.2012222124656524e-04,
       9.9952959996218749e-01 ]
translation: !!opencv-matrix
   rows: 3
   cols: 1
   dt: d
   data: [ -4.8207142916520250e-02, 2.9251634018179740e-03,
       -1.9171947951908148e-02 ]
essential: !!opencv-matrix
   rows: 3
   cols: 3
   dt: d
   data: [ 2.7741995703146205e-04, 1.9171670294770606e-02,
       2.9138060117415848e-03, -1.7683590648518769e-02,
       1.9854012348302698e-04, 4.8772363281262783e-02,
       -3.3956390794295313e-03, -4.8176152463082406e-02,
       1.1479632935573346e-04 ]
fundamental: !!opencv-matrix
   rows: 3
   cols: 3
   dt: d
   data: [ 1.1414762248224017e-07, 7.8879149199826106e-06,
       -1.2258254857536947e-03, -7.2759900953936294e-06,
       8.1685134737092137e-08, 9.2516410912947596e-03,
       2.3157625260676238e-03, -2.8822060111112401e-02, 1. ]
